,departement,frequence_mesure,annee,type_mesure,population,code_dep
0,2024-DEP-18,A,2022,PCAP,6758.0,18
1,2024-DEP-43,A,2022,PCAP,6760.0,43
2,2024-DEP-40,A,2022,PTOT,440615.0,40
3,2024-DEP-35,A,2022,PMUN,1109232.0,35
4,2024-DEP-05,A,2022,PCAP,4316.0,05
5,2024-DEP-11,A,2022,PMUN,377773.0,11
6,2024-DEP-64,A,2022,PCAP,18733.0,64
7,2024-DEP-36,A,2022,PCAP,5591.0,36
8,2024-DEP-30,A,2022,PMUN,764010.0,30
9,2024-DEP-66,A,2022,PTOT,501001.0,66
10,2024-DEP-33,A,2022,PTOT,1701107.0,33
11,2024-DEP-79,A,2022,PCAP,10322.0,79
12,2024-DEP-41,A,2022,PMUN,328953.0,41
13,2024-DEP-53,A,2022,PCAP,9087.0,53
14,2024-DEP-76,A,2022,PTOT,1280768.0,76
15,2024-DEP-47,A,2022,PMUN,332226.0,47
16,2024-DEP-77,A,2022,PTOT,1468459.0,77
17,2024-DEP-60,A,2022,PMUN,830725.0,60
18,2024-DEP-74,A,2022,PTOT,869929.0,74
19,2024-DEP-15,A,2022,PTOT,149242.0,15
20,2024-DEP-81,A,2022,PMUN,396168.0,81
21,2024-DEP-58,A,2022,PMUN,202299.0,58
22,2024-DEP-26,A,2022,PMUN,521432.0,26
23,2024-DEP-32,A,2022,PTOT,198988.0,32
24,2024-DEP-46,A,2022,PTOT,181023.0,46
25,2024-DEP-65,A,2022,PMUN,231453.0,65
26,2024-DEP-06,A,2022,PTOT,1128455.0,06
27,2024-DEP-74,A,2022,PCAP,20346.0,74
28,2024-DEP-94,A,2022,PCAP,8819.0,94
29,2024-DEP-03,A,2022,PCAP,8623.0,03
30,2024-DEP-82,A,2022,PTOT,270664.0,82
31,2024-DEP-60,A,2022,PCAP,17285.0,60
32,2024-DEP-33,A,2022,PMUN,1674980.0,33
33,2024-DEP-57,A,2022,PTOT,1068619.0,57
34,2024-DEP-08,A,2022,PTOT,273109.0,08
35,2024-DEP-12,A,2022,PMUN,279736.0,12
36,2024-DEP-58,A,2022,PTOT,207295.0,58
37,2024-DEP-80,A,2022,PMUN,565540.0,80
38,2024-DEP-39,A,2022,PMUN,258405.0,39
39,2024-DEP-79,A,2022,PTOT,385737.0,79
40,2024-DEP-43,A,2022,PMUN,228161.0,43
41,2024-DEP-89,A,2022,PTOT,342095.0,89
42,2024-DEP-69,A,2022,PCAP,25178.0,69
43,2024-DEP-23,A,2022,PCAP,3345.0,23
44,2024-DEP-72,A,2022,PTOT,579000.0,72
45,2024-DEP-49,A,2022,PMUN,828151.0,49
46,2024-DEP-53,A,2022,PMUN,305437.0,53
47,2024-DEP-973,A,2022,PCAP,2094.0,73
48,2024-DEP-16,A,2022,PTOT,360259.0,16
49,2024-DEP-52,A,2022,PTOT,174637.0,52
50,2024-DEP-93,A,2022,PTOT,1688205.0,93
51,2024-DEP-67,A,2022,PMUN,1156963.0,67
52,2024-DEP-14,A,2022,PCAP,13567.0,14
53,2024-DEP-59,A,2022,PTOT,2646988.0,59
54,2024-DEP-18,A,2022,PMUN,299496.0,18
55,2024-DEP-72,A,2022,PCAP,12871.0,72
56,2024-DEP-22,A,2022,PCAP,17584.0,22
57,2024-DEP-04,A,2022,PCAP,4442.0,04
58,2024-DEP-05,A,2022,PTOT,145993.0,05
59,2024-DEP-10,A,2022,PTOT,317888.0,10
60,2024-DEP-61,A,2022,PTOT,283434.0,61
61,2024-DEP-08,A,2022,PMUN,267204.0,08
62,2024-DEP-2A,A,2022,PMUN,166045.0,2A
63,2024-DEP-93,A,2022,PMUN,1681725.0,93
64,2024-DEP-42,A,2022,PCAP,13814.0,42
65,2024-DEP-69,A,2022,PMUN,1907982.0,69
66,2024-DEP-22,A,2022,PTOT,627182.0,22
67,2024-DEP-88,A,2022,PTOT,369069.0,88
68,2024-DEP-86,A,2022,PCAP,10178.0,86
69,2024-DEP-70,A,2022,PCAP,6060.0,70
70,2024-DEP-23,A,2022,PMUN,115529.0,23
71,2024-DEP-60,A,2022,PTOT,848010.0,60
72,2024-DEP-35,A,2022,PTOT,1133863.0,35
73,2024-DEP-56,A,2022,PMUN,776103.0,56
74,2024-DEP-62,A,2022,PTOT,1481487.0,62
75,2024-DEP-21,A,2022,PTOT,549018.0,21
76,2024-DEP-91,A,2022,PTOT,1338107.0,91
77,2024-DEP-41,A,2022,PCAP,8463.0,41
78,2024-DEP-71,A,2022,PMUN,549136.0,71
79,2024-DEP-07,A,2022,PTOT,341709.0,07
80,2024-DEP-76,A,2022,PCAP,20563.0,76
81,2024-DEP-23,A,2022,PTOT,118874.0,23
82,2024-DEP-38,A,2022,PCAP,24773.0,38
83,2024-DEP-28,A,2022,PTOT,442835.0,28
84,2024-DEP-53,A,2022,PTOT,314524.0,53
85,2024-DEP-67,A,2022,PTOT,1172296.0,67
86,2024-DEP-42,A,2022,PMUN,772041.0,42
87,2024-DEP-69,A,2022,PTOT,1933160.0,69
88,2024-DEP-34,A,2022,PCAP,18126.0,34
89,2024-DEP-15,A,2022,PCAP,4843.0,15
90,2024-DEP-973,A,2022,PTOT,290476.0,73
91,2024-DEP-972,A,2022,PTOT,364991.0,72
92,2024-DEP-31,A,2022,PTOT,1479413.0,31
93,2024-DEP-74,A,2022,PMUN,849583.0,74
94,2024-DEP-51,A,2022,PCAP,11004.0,51
95,2024-DEP-84,A,2022,PMUN,568702.0,84
96,2024-DEP-29,A,2022,PMUN,927912.0,29
97,2024-DEP-24,A,2022,PMUN,416325.0,24
98,2024-DEP-30,A,2022,PTOT,777323.0,30
99,2024-DEP-70,A,2022,PTOT,239980.0,70
100,2024-DEP-95,A,2022,PMUN,1270845.0,95
101,2024-DEP-59,A,2022,PCAP,30079.0,59
102,2024-DEP-04,A,2022,PTOT,171621.0,04
103,2024-DEP-09,A,2022,PMUN,155339.0,09
104,2024-DEP-29,A,2022,PTOT,952351.0,29
105,2024-DEP-63,A,2022,PMUN,664385.0,63
106,2024-DEP-83,A,2022,PTOT,1124489.0,83
107,2024-DEP-54,A,2022,PCAP,11154.0,54
108,2024-DEP-54,A,2022,PMUN,732898.0,54
109,2024-DEP-95,A,2022,PCAP,9493.0,95
110,2024-DEP-61,A,2022,PMUN,276144.0,61
111,2024-DEP-17,A,2022,PTOT,683710.0,17
112,2024-DEP-06,A,2022,PMUN,1114579.0,06
113,2024-DEP-92,A,2022,PMUN,1647435.0,92
114,2024-DEP-2B,A,2022,PMUN,185231.0,2B
115,2024-DEP-48,A,2022,PCAP,3546.0,48
116,2024-DEP-84,A,2022,PCAP,10560.0,84
117,2024-DEP-52,A,2022,PCAP,4772.0,52
118,2024-DEP-62,A,2022,PMUN,1460184.0,62
119,2024-DEP-972,A,2022,PMUN,361019.0,72
120,2024-DEP-28,A,2022,PCAP,9885.0,28
121,2024-DEP-17,A,2022,PCAP,15550.0,17
122,2024-DEP-91,A,2022,PCAP,13561.0,91
123,2024-DEP-49,A,2022,PTOT,848029.0,49
124,2024-DEP-27,A,2022,PTOT,614731.0,27
125,2024-DEP-974,A,2022,PTOT,891190.0,74
126,2024-DEP-81,A,2022,PTOT,406186.0,81
127,2024-DEP-48,A,2022,PMUN,76503.0,48
128,2024-DEP-17,A,2022,PMUN,668160.0,17
129,2024-DEP-36,A,2022,PMUN,216809.0,36
130,2024-DEP-82,A,2022,PCAP,5740.0,82
131,2024-DEP-58,A,2022,PCAP,4996.0,58
132,2024-DEP-87,A,2022,PCAP,6316.0,87
133,2024-DEP-21,A,2022,PCAP,11441.0,21
134,2024-DEP-32,A,2022,PCAP,6339.0,32
135,2024-DEP-78,A,2022,PMUN,1470778.0,78
136,2024-DEP-59,A,2022,PMUN,2616909.0,59
137,2024-DEP-25,A,2022,PTOT,562072.0,25
138,2024-DEP-01,A,2022,PCAP,15515.0,01
139,2024-DEP-85,A,2022,PCAP,18719.0,85
140,2024-DEP-92,A,2022,PCAP,15591.0,92
141,2024-DEP-971,A,2022,PTOT,388197.0,71
142,2024-DEP-19,A,2022,PMUN,240120.0,19
143,2024-DEP-01,A,2022,PTOT,686804.0,01
144,2024-DEP-45,A,2022,PTOT,701560.0,45
145,2024-DEP-974,A,2022,PCAP,9842.0,74
146,2024-DEP-40,A,2022,PCAP,12188.0,40
147,2024-DEP-02,A,2022,PCAP,11427.0,02
148,2024-DEP-19,A,2022,PCAP,7499.0,19
149,2024-DEP-51,A,2022,PMUN,564107.0,51
150,2024-DEP-85,A,2022,PTOT,725062.0,85
151,2024-DEP-16,A,2022,PCAP,8656.0,16
152,2024-DEP-56,A,2022,PCAP,20989.0,56
153,2024-DEP-75,A,2022,PMUN,2113705.0,75
154,2024-DEP-13,A,2022,PCAP,24147.0,13
155,2024-DEP-39,A,2022,PCAP,8890.0,39
156,2024-DEP-44,A,2022,PCAP,28894.0,44
157,2024-DEP-73,A,2022,PCAP,12175.0,73
158,2024-DEP-05,A,2022,PMUN,141677.0,05
159,2024-DEP-68,A,2022,PCAP,13643.0,68
160,2024-DEP-61,A,2022,PCAP,7290.0,61
161,2024-DEP-62,A,2022,PCAP,21303.0,62
162,2024-DEP-65,A,2022,PTOT,237183.0,65
163,2024-DEP-65,A,2022,PCAP,5730.0,65
164,2024-DEP-56,A,2022,PTOT,797092.0,56
165,2024-DEP-11,A,2022,PTOT,386066.0,11
166,2024-DEP-54,A,2022,PTOT,744052.0,54
167,2024-DEP-2A,A,2022,PTOT,168376.0,2A
168,2024-DEP-55,A,2022,PTOT,185753.0,55
169,2024-DEP-73,A,2022,PMUN,445288.0,73
170,2024-DEP-66,A,2022,PCAP,8037.0,66
171,2024-DEP-14,A,2022,PTOT,718172.0,14
172,2024-DEP-16,A,2022,PMUN,351603.0,16
173,2024-DEP-46,A,2022,PMUN,175620.0,46
174,2024-DEP-27,A,2022,PCAP,13426.0,27
175,2024-DEP-15,A,2022,PMUN,144399.0,15
176,2024-DEP-91,A,2022,PMUN,1324546.0,91
177,2024-DEP-50,A,2022,PCAP,14819.0,50
178,2024-DEP-08,A,2022,PCAP,5905.0,08
179,2024-DEP-52,A,2022,PMUN,169865.0,52
180,2024-DEP-81,A,2022,PCAP,10018.0,81
181,2024-DEP-57,A,2022,PCAP,17898.0,57
182,2024-DEP-76,A,2022,PMUN,1260205.0,76
183,2024-DEP-07,A,2022,PCAP,8480.0,07
184,2024-DEP-46,A,2022,PCAP,5403.0,46
185,2024-DEP-57,A,2022,PMUN,1050721.0,57
186,2024-DEP-37,A,2022,PTOT,628358.0,37
187,2024-DEP-71,A,2022,PTOT,563990.0,71
188,2024-DEP-93,A,2022,PCAP,6480.0,93
189,2024-DEP-42,A,2022,PTOT,785855.0,42
190,2024-DEP-92,A,2022,PTOT,1663026.0,92
191,2024-DEP-03,A,2022,PTOT,343338.0,03
192,2024-DEP-18,A,2022,PTOT,306254.0,18
193,2024-DEP-45,A,2022,PMUN,687063.0,45
194,2024-DEP-66,A,2022,PMUN,492964.0,66
195,2024-DEP-90,A,2022,PMUN,140082.0,90
196,2024-DEP-26,A,2022,PTOT,534077.0,26
197,2024-DEP-25,A,2022,PCAP,13410.0,25
198,2024-DEP-90,A,2022,PTOT,142989.0,90
199,2024-DEP-40,A,2022,PMUN,428427.0,40
200,2024-DEP-24,A,2022,PTOT,426445.0,24
201,2024-DEP-77,A,2022,PMUN,1452399.0,77
202,2024-DEP-44,A,2022,PTOT,1502050.0,44
203,2024-DEP-34,A,2022,PMUN,1217331.0,34
204,2024-DEP-31,A,2022,PCAP,23152.0,31
205,2024-DEP-31,A,2022,PMUN,1456261.0,31
206,2024-DEP-80,A,2022,PCAP,9940.0,80
207,2024-DEP-63,A,2022,PTOT,678623.0,63
208,2024-DEP-68,A,2022,PMUN,767800.0,68
209,2024-DEP-02,A,2022,PMUN,525558.0,02
210,2024-DEP-972,A,2022,PCAP,3972.0,72
211,2024-DEP-971,A,2022,PCAP,4628.0,71
212,2024-DEP-80,A,2022,PTOT,575480.0,80
213,2024-DEP-37,A,2022,PCAP,12032.0,37
214,2024-DEP-27,A,2022,PMUN,601305.0,27
215,2024-DEP-34,A,2022,PTOT,1235457.0,34
216,2024-DEP-49,A,2022,PCAP,19878.0,49
217,2024-DEP-2B,A,2022,PTOT,187843.0,2B
218,2024-DEP-50,A,2022,PMUN,496815.0,50
219,2024-DEP-75,A,2022,PCAP,15552.0,75
220,2024-DEP-64,A,2022,PMUN,699473.0,64
221,2024-DEP-87,A,2022,PTOT,378754.0,87
222,2024-DEP-03,A,2022,PMUN,334715.0,03
223,2024-DEP-87,A,2022,PMUN,372438.0,87
224,2024-DEP-35,A,2022,PCAP,24631.0,35
225,2024-DEP-19,A,2022,PTOT,247619.0,19
226,2024-DEP-50,A,2022,PTOT,511634.0,50
227,2024-DEP-75,A,2022,PTOT,2129257.0,75
228,2024-DEP-67,A,2022,PCAP,15333.0,67
229,2024-DEP-64,A,2022,PTOT,718206.0,64
230,2024-DEP-13,A,2022,PMUN,2069811.0,13
231,2024-DEP-94,A,2022,PMUN,1419531.0,94
232,2024-DEP-39,A,2022,PTOT,267295.0,39
233,2024-DEP-79,A,2022,PMUN,375415.0,79
234,2024-DEP-21,A,2022,PMUN,537577.0,21
235,2024-DEP-43,A,2022,PTOT,234921.0,43
236,2024-DEP-47,A,2022,PTOT,340185.0,47
237,2024-DEP-09,A,2022,PTOT,159309.0,09
238,2024-DEP-10,A,2022,PCAP,6812.0,10
239,2024-DEP-78,A,2022,PTOT,1493882.0,78
240,2024-DEP-86,A,2022,PMUN,438688.0,86
241,2024-DEP-971,A,2022,PMUN,383569.0,71
242,2024-DEP-22,A,2022,PMUN,609598.0,22
243,2024-DEP-68,A,2022,PTOT,781443.0,68
244,2024-DEP-32,A,2022,PMUN,192649.0,32
245,2024-DEP-84,A,2022,PTOT,579262.0,84
246,2024-DEP-78,A,2022,PCAP,23104.0,78
247,2024-DEP-974,A,2022,PMUN,881348.0,74
248,2024-DEP-94,A,2022,PTOT,1428350.0,94
249,2024-DEP-06,A,2022,PCAP,13876.0,06
250,2024-DEP-83,A,2022,PMUN,1108364.0,83
251,2024-DEP-12,A,2022,PTOT,289781.0,12
252,2024-DEP-30,A,2022,PCAP,13313.0,30
253,2024-DEP-45,A,2022,PCAP,14497.0,45
254,2024-DEP-86,A,2022,PTOT,448866.0,86
255,2024-DEP-73,A,2022,PTOT,457463.0,73
256,2024-DEP-26,A,2022,PCAP,12645.0,26
257,2024-DEP-55,A,2022,PMUN,180745.0,55
258,2024-DEP-48,A,2022,PTOT,80049.0,48
259,2024-DEP-83,A,2022,PCAP,16125.0,83
260,2024-DEP-24,A,2022,PCAP,10120.0,24
261,2024-DEP-55,A,2022,PCAP,5008.0,55
262,2024-DEP-89,A,2022,PMUN,333896.0,89
263,2024-DEP-70,A,2022,PMUN,233920.0,70
264,2024-DEP-37,A,2022,PMUN,616326.0,37
265,2024-DEP-2A,A,2022,PCAP,2331.0,2A
266,2024-DEP-77,A,2022,PCAP,16060.0,77
267,2024-DEP-88,A,2022,PMUN,358700.0,88
268,2024-DEP-71,A,2022,PCAP,14854.0,71
269,2024-DEP-36,A,2022,PTOT,222400.0,36
270,2024-DEP-89,A,2022,PCAP,8199.0,89
271,2024-DEP-29,A,2022,PCAP,24439.0,29
272,2024-DEP-11,A,2022,PCAP,8293.0,11
273,2024-DEP-25,A,2022,PMUN,548662.0,25
274,2024-DEP-13,A,2022,PTOT,2093958.0,13
275,2024-DEP-90,A,2022,PCAP,2907.0,90
276,2024-DEP-02,A,2022,PTOT,536985.0,02
277,2024-DEP-82,A,2022,PMUN,264924.0,82
278,2024-DEP-28,A,2022,PMUN,432950.0,28
279,2024-DEP-04,A,2022,PMUN,167179.0,04
280,2024-DEP-09,A,2022,PCAP,3970.0,09
281,2024-DEP-973,A,2022,PMUN,288382.0,73
282,2024-DEP-95,A,2022,PTOT,1280338.0,95
283,2024-DEP-72,A,2022,PMUN,566129.0,72
284,2024-DEP-85,A,2022,PMUN,706343.0,85
285,2024-DEP-47,A,2022,PCAP,7959.0,47
286,2024-DEP-63,A,2022,PCAP,14238.0,63
287,2024-DEP-07,A,2022,PMUN,333229.0,07
288,2024-DEP-2B,A,2022,PCAP,2612.0,2B
289,2024-DEP-14,A,2022,PMUN,704605.0,14
290,2024-DEP-33,A,2022,PCAP,26127.0,33
291,2024-DEP-88,A,2022,PCAP,10369.0,88
292,2024-DEP-12,A,2022,PCAP,10045.0,12
293,2024-DEP-51,A,2022,PTOT,575111.0,51
294,2024-DEP-38,A,2022,PMUN,1291380.0,38
295,2024-DEP-01,A,2022,PMUN,671289.0,01
296,2024-DEP-44,A,2022,PMUN,1473156.0,44
297,2024-DEP-38,A,2022,PTOT,1316153.0,38
298,2024-DEP-10,A,2022,PMUN,311076.0,10
299,2024-DEP-41,A,2022,PTOT,337416.0,41
300,2024-DEP-02,A,2011,PTOT,555893.0,02
301,2024-DEP-64,A,2011,PMUN,656608.0,64
302,2024-DEP-2A,A,2011,PMUN,145846.0,2A
303,2024-DEP-83,A,2011,PMUN,1012735.0,83
304,2024-DEP-05,A,2011,PTOT,143962.0,05
305,2024-DEP-80,A,2011,PMUN,571211.0,80
306,2024-DEP-30,A,2011,PCAP,16566.0,30
307,2024-DEP-38,A,2011,PTOT,1243170.0,38
308,2024-DEP-64,A,2011,PTOT,678174.0,64
309,2024-DEP-24,A,2011,PMUN,415168.0,24
310,2024-DEP-34,A,2011,PCAP,18787.0,34
311,2024-DEP-27,A,2011,PMUN,588111.0,27
312,2024-DEP-58,A,2011,PMUN,218341.0,58
313,2024-DEP-43,A,2011,PMUN,224907.0,43
314,2024-DEP-09,A,2011,PTOT,157936.0,09
315,2024-DEP-82,A,2011,PMUN,244545.0,82
316,2024-DEP-973,A,2011,PTOT,239849.0,73
317,2024-DEP-971,A,2011,PTOT,411507.0,71
318,2024-DEP-38,A,2011,PMUN,1215212.0,38
319,2024-DEP-60,A,2011,PMUN,805642.0,60
320,2024-DEP-92,A,2011,PMUN,1581628.0,92
321,2024-DEP-25,A,2011,PMUN,529103.0,25
322,2024-DEP-11,A,2011,PTOT,369503.0,11
323,2024-DEP-36,A,2011,PTOT,237356.0,36
324,2024-DEP-04,A,2011,PTOT,166014.0,04
325,2024-DEP-02,A,2011,PCAP,14637.0,02
326,2024-DEP-12,A,2011,PTOT,287417.0,12
327,2024-DEP-08,A,2011,PMUN,283110.0,08
328,2024-DEP-37,A,2011,PMUN,593683.0,37
329,2024-DEP-71,A,2011,PMUN,555999.0,71
330,2024-DEP-62,A,2011,PTOT,1490514.0,62
331,2024-DEP-91,A,2011,PCAP,19120.0,91
332,2024-DEP-21,A,2011,PMUN,525931.0,21
333,2024-DEP-90,A,2011,PTOT,146935.0,90
334,2024-DEP-89,A,2011,PMUN,342463.0,89
335,2024-DEP-972,A,2011,PTOT,398864.0,72
336,2024-DEP-76,A,2011,PCAP,25626.0,76
337,2024-DEP-36,A,2011,PCAP,7181.0,36
338,2024-DEP-91,A,2011,PMUN,1225191.0,91
339,2024-DEP-47,A,2011,PMUN,330866.0,47
340,2024-DEP-41,A,2011,PTOT,341885.0,41
341,2024-DEP-62,A,2011,PMUN,1462807.0,62
342,2024-DEP-17,A,2011,PMUN,625682.0,17
343,2024-DEP-87,A,2011,PCAP,8662.0,87
344,2024-DEP-94,A,2011,PMUN,1333702.0,94
345,2024-DEP-69,A,2011,PTOT,1775953.0,69
346,2024-DEP-74,A,2011,PMUN,746994.0,74
347,2024-DEP-63,A,2011,PMUN,635469.0,63
348,2024-DEP-55,A,2011,PCAP,6511.0,55
349,2024-DEP-27,A,2011,PCAP,17102.0,27
350,2024-DEP-71,A,2011,PTOT,575050.0,71
351,2024-DEP-08,A,2011,PTOT,291472.0,08
352,2024-DEP-57,A,2011,PMUN,1045146.0,57
353,2024-DEP-60,A,2011,PCAP,20285.0,60
354,2024-DEP-90,A,2011,PCAP,3587.0,90
355,2024-DEP-74,A,2011,PCAP,23456.0,74
356,2024-DEP-68,A,2011,PCAP,16338.0,68
357,2024-DEP-01,A,2011,PMUN,603827.0,01
358,2024-DEP-50,A,2011,PCAP,18487.0,50
359,2024-DEP-85,A,2011,PCAP,19247.0,85
360,2024-DEP-86,A,2011,PTOT,439686.0,86
361,2024-DEP-23,A,2011,PCAP,4983.0,23
362,2024-DEP-61,A,2011,PMUN,290891.0,61
363,2024-DEP-39,A,2011,PMUN,261294.0,39
364,2024-DEP-92,A,2011,PTOT,1600568.0,92
365,2024-DEP-70,A,2011,PTOT,247674.0,70
366,2024-DEP-82,A,2011,PTOT,251042.0,82
367,2024-DEP-26,A,2011,PCAP,14884.0,26
368,2024-DEP-40,A,2011,PCAP,13633.0,40
369,2024-DEP-16,A,2011,PMUN,352705.0,16
370,2024-DEP-42,A,2011,PMUN,749053.0,42
371,2024-DEP-974,A,2011,PCAP,9036.0,74
372,2024-DEP-85,A,2011,PMUN,641657.0,85
373,2024-DEP-57,A,2011,PCAP,21651.0,57
374,2024-DEP-30,A,2011,PTOT,734923.0,30
375,2024-DEP-86,A,2011,PCAP,11239.0,86
376,2024-DEP-48,A,2011,PMUN,77156.0,48
377,2024-DEP-28,A,2011,PTOT,441836.0,28
378,2024-DEP-973,A,2011,PCAP,2300.0,73
379,2024-DEP-93,A,2011,PCAP,12833.0,93
380,2024-DEP-57,A,2011,PTOT,1066797.0,57
381,2024-DEP-84,A,2011,PTOT,558861.0,84
382,2024-DEP-73,A,2011,PTOT,433118.0,73
383,2024-DEP-16,A,2011,PCAP,13146.0,16
384,2024-DEP-29,A,2011,PCAP,31841.0,29
385,2024-DEP-39,A,2011,PTOT,271660.0,39
386,2024-DEP-50,A,2011,PTOT,518571.0,50
387,2024-DEP-2B,A,2011,PCAP,2841.0,2B
388,2024-DEP-46,A,2011,PTOT,181443.0,46
389,2024-DEP-47,A,2011,PCAP,11087.0,47
390,2024-DEP-2B,A,2011,PMUN,168640.0,2B
391,2024-DEP-11,A,2011,PMUN,359967.0,11
392,2024-DEP-24,A,2011,PCAP,12700.0,24
393,2024-DEP-84,A,2011,PCAP,12231.0,84
394,2024-DEP-54,A,2011,PCAP,14387.0,54
395,2024-DEP-33,A,2011,PTOT,1494064.0,33
396,2024-DEP-974,A,2011,PTOT,837617.0,74
397,2024-DEP-09,A,2011,PCAP,5650.0,09
398,2024-DEP-18,A,2011,PMUN,311694.0,18
399,2024-DEP-51,A,2011,PMUN,566617.0,51
400,2024-DEP-73,A,2011,PMUN,418949.0,73
401,2024-DEP-56,A,2011,PTOT,750234.0,56
402,2024-DEP-79,A,2011,PMUN,370939.0,79
403,2024-DEP-61,A,2011,PTOT,300387.0,61
404,2024-DEP-39,A,2011,PCAP,10366.0,39
405,2024-DEP-18,A,2011,PTOT,319962.0,18
406,2024-DEP-81,A,2011,PMUN,377675.0,81
407,2024-DEP-13,A,2011,PMUN,1975896.0,13
408,2024-DEP-22,A,2011,PCAP,20598.0,22
409,2024-DEP-50,A,2011,PMUN,500084.0,50
410,2024-DEP-17,A,2011,PTOT,644353.0,17
411,2024-DEP-43,A,2011,PTOT,232838.0,43
412,2024-DEP-14,A,2011,PCAP,16569.0,14
413,2024-DEP-59,A,2011,PTOT,2620067.0,59
414,2024-DEP-28,A,2011,PMUN,430416.0,28
415,2024-DEP-33,A,2011,PCAP,30402.0,33
416,2024-DEP-42,A,2011,PTOT,766630.0,42
417,2024-DEP-52,A,2011,PTOT,189154.0,52
418,2024-DEP-48,A,2011,PCAP,4216.0,48
419,2024-DEP-07,A,2011,PMUN,317277.0,07
420,2024-DEP-49,A,2011,PMUN,790181.0,49
421,2024-DEP-10,A,2011,PMUN,303997.0,10
422,2024-DEP-90,A,2011,PMUN,143348.0,90
423,2024-DEP-10,A,2011,PCAP,8214.0,10
424,2024-DEP-75,A,2011,PTOT,2274880.0,75
425,2024-DEP-79,A,2011,PCAP,11489.0,79
426,2024-DEP-14,A,2011,PMUN,684709.0,14
427,2024-DEP-41,A,2011,PMUN,331280.0,41
428,2024-DEP-67,A,2011,PCAP,19616.0,67
429,2024-DEP-23,A,2011,PMUN,122560.0,23
430,2024-DEP-19,A,2011,PTOT,251175.0,19
431,2024-DEP-05,A,2011,PCAP,5357.0,05
432,2024-DEP-94,A,2011,PCAP,13201.0,94
433,2024-DEP-54,A,2011,PTOT,747511.0,54
434,2024-DEP-48,A,2011,PTOT,81372.0,48
435,2024-DEP-49,A,2011,PCAP,23522.0,49
436,2024-DEP-55,A,2011,PTOT,200068.0,55
437,2024-DEP-06,A,2011,PMUN,1081244.0,06
438,2024-DEP-53,A,2011,PTOT,317759.0,53
439,2024-DEP-37,A,2011,PCAP,15411.0,37
440,2024-DEP-81,A,2011,PTOT,389581.0,81
441,2024-DEP-75,A,2011,PCAP,24905.0,75
442,2024-DEP-971,A,2011,PMUN,404635.0,71
443,2024-DEP-84,A,2011,PMUN,546630.0,84
444,2024-DEP-07,A,2011,PTOT,327072.0,07
445,2024-DEP-78,A,2011,PCAP,27512.0,78
446,2024-DEP-66,A,2011,PCAP,8752.0,66
447,2024-DEP-66,A,2011,PMUN,452530.0,66
448,2024-DEP-83,A,2011,PTOT,1030355.0,83
449,2024-DEP-83,A,2011,PCAP,17620.0,83
450,2024-DEP-45,A,2011,PCAP,18770.0,45
451,2024-DEP-03,A,2011,PCAP,10307.0,03
452,2024-DEP-01,A,2011,PTOT,621095.0,01
453,2024-DEP-19,A,2011,PMUN,242454.0,19
454,2024-DEP-32,A,2011,PTOT,196143.0,32
455,2024-DEP-77,A,2011,PMUN,1338427.0,77
456,2024-DEP-62,A,2011,PCAP,27707.0,62
457,2024-DEP-35,A,2011,PMUN,996439.0,35
458,2024-DEP-22,A,2011,PMUN,594375.0,22
459,2024-DEP-17,A,2011,PCAP,18671.0,17
460,2024-DEP-52,A,2011,PCAP,6779.0,52
461,2024-DEP-64,A,2011,PCAP,21566.0,64
462,2024-DEP-67,A,2011,PTOT,1118885.0,67
463,2024-DEP-44,A,2011,PCAP,36165.0,44
464,2024-DEP-80,A,2011,PCAP,12601.0,80
465,2024-DEP-81,A,2011,PCAP,11906.0,81
466,2024-DEP-06,A,2011,PTOT,1097701.0,06
467,2024-DEP-15,A,2011,PCAP,5886.0,15
468,2024-DEP-22,A,2011,PTOT,614973.0,22
469,2024-DEP-47,A,2011,PTOT,341953.0,47
470,2024-DEP-24,A,2011,PTOT,427868.0,24
471,2024-DEP-77,A,2011,PTOT,1361031.0,77
472,2024-DEP-45,A,2011,PMUN,659587.0,45
473,2024-DEP-52,A,2011,PMUN,182375.0,52
474,2024-DEP-02,A,2011,PMUN,541256.0,02
475,2024-DEP-69,A,2011,PCAP,31717.0,69
476,2024-DEP-87,A,2011,PMUN,376058.0,87
477,2024-DEP-01,A,2011,PCAP,17268.0,01
478,2024-DEP-14,A,2011,PTOT,701278.0,14
479,2024-DEP-27,A,2011,PTOT,605213.0,27
480,2024-DEP-15,A,2011,PTOT,153463.0,15
481,2024-DEP-21,A,2011,PCAP,14167.0,21
482,2024-DEP-07,A,2011,PCAP,9795.0,07
483,2024-DEP-87,A,2011,PTOT,384720.0,87
484,2024-DEP-60,A,2011,PTOT,825927.0,60
485,2024-DEP-40,A,2011,PTOT,401562.0,40
486,2024-DEP-43,A,2011,PCAP,7931.0,43
487,2024-DEP-23,A,2011,PTOT,127543.0,23
488,2024-DEP-40,A,2011,PMUN,387929.0,40
489,2024-DEP-88,A,2011,PMUN,378830.0,88
490,2024-DEP-29,A,2011,PTOT,931711.0,29
491,2024-DEP-79,A,2011,PTOT,382428.0,79
492,2024-DEP-61,A,2011,PCAP,9496.0,61
493,2024-DEP-26,A,2011,PTOT,502877.0,26
494,2024-DEP-46,A,2011,PMUN,174754.0,46
495,2024-DEP-65,A,2011,PMUN,229228.0,65
496,2024-DEP-78,A,2011,PMUN,1413635.0,78
497,2024-DEP-37,A,2011,PTOT,609094.0,37
498,2024-DEP-34,A,2011,PMUN,1062036.0,34
499,2024-DEP-32,A,2011,PMUN,188893.0,32
500,2024-DEP-2B,A,2011,PTOT,171481.0,2B
501,2024-DEP-19,A,2011,PCAP,8721.0,19
502,2024-DEP-49,A,2011,PTOT,813703.0,49
503,2024-DEP-44,A,2011,PTOT,1332691.0,44
504,2024-DEP-51,A,2011,PCAP,14066.0,51
505,2024-DEP-03,A,2011,PMUN,342729.0,03
506,2024-DEP-80,A,2011,PTOT,583812.0,80
507,2024-DEP-31,A,2011,PTOT,1286050.0,31
508,2024-DEP-36,A,2011,PMUN,230175.0,36
509,2024-DEP-54,A,2011,PMUN,733124.0,54
510,2024-DEP-71,A,2011,PCAP,19051.0,71
511,2024-DEP-28,A,2011,PCAP,11420.0,28
512,2024-DEP-56,A,2011,PMUN,727083.0,56
513,2024-DEP-72,A,2011,PCAP,16018.0,72
514,2024-DEP-34,A,2011,PTOT,1080823.0,34
515,2024-DEP-971,A,2011,PCAP,6872.0,71
516,2024-DEP-94,A,2011,PTOT,1346903.0,94
517,2024-DEP-11,A,2011,PCAP,9536.0,11
518,2024-DEP-70,A,2011,PCAP,7979.0,70
519,2024-DEP-03,A,2011,PTOT,353036.0,03
520,2024-DEP-2A,A,2011,PCAP,2363.0,2A
521,2024-DEP-10,A,2011,PTOT,312211.0,10
522,2024-DEP-68,A,2011,PTOT,769394.0,68
523,2024-DEP-74,A,2011,PTOT,770450.0,74
524,2024-DEP-77,A,2011,PCAP,22604.0,77
525,2024-DEP-68,A,2011,PMUN,753056.0,68
526,2024-DEP-04,A,2011,PCAP,5055.0,04
527,2024-DEP-95,A,2011,PTOT,1197264.0,95
528,2024-DEP-76,A,2011,PTOT,1276908.0,76
529,2024-DEP-13,A,2011,PTOT,2005065.0,13
530,2024-DEP-67,A,2011,PMUN,1099269.0,67
531,2024-DEP-06,A,2011,PCAP,16457.0,06
532,2024-DEP-59,A,2011,PCAP,40859.0,59
533,2024-DEP-18,A,2011,PCAP,8268.0,18
534,2024-DEP-75,A,2011,PMUN,2249975.0,75
535,2024-DEP-88,A,2011,PCAP,13410.0,88
536,2024-DEP-972,A,2011,PMUN,392291.0,72
537,2024-DEP-89,A,2011,PTOT,353189.0,89
538,2024-DEP-05,A,2011,PMUN,138605.0,05
539,2024-DEP-46,A,2011,PCAP,6689.0,46
540,2024-DEP-45,A,2011,PTOT,678357.0,45
541,2024-DEP-72,A,2011,PTOT,581736.0,72
542,2024-DEP-58,A,2011,PTOT,225952.0,58
543,2024-DEP-973,A,2011,PMUN,237549.0,73
544,2024-DEP-25,A,2011,PTOT,543878.0,25
545,2024-DEP-85,A,2011,PTOT,660904.0,85
546,2024-DEP-73,A,2011,PCAP,14169.0,73
547,2024-DEP-86,A,2011,PMUN,428447.0,86
548,2024-DEP-41,A,2011,PCAP,10605.0,41
549,2024-DEP-78,A,2011,PTOT,1441147.0,78
550,2024-DEP-53,A,2011,PCAP,10728.0,53
551,2024-DEP-38,A,2011,PCAP,27958.0,38
552,2024-DEP-09,A,2011,PMUN,152286.0,09
553,2024-DEP-31,A,2011,PMUN,1260226.0,31
554,2024-DEP-92,A,2011,PCAP,18940.0,92
555,2024-DEP-12,A,2011,PCAP,11604.0,12
556,2024-DEP-95,A,2011,PMUN,1180365.0,95
557,2024-DEP-65,A,2011,PTOT,237440.0,65
558,2024-DEP-72,A,2011,PMUN,565718.0,72
559,2024-DEP-35,A,2011,PCAP,27807.0,35
560,2024-DEP-66,A,2011,PTOT,461282.0,66
561,2024-DEP-16,A,2011,PTOT,365851.0,16
562,2024-DEP-25,A,2011,PCAP,14775.0,25
563,2024-DEP-15,A,2011,PMUN,147577.0,15
564,2024-DEP-53,A,2011,PMUN,307031.0,53
565,2024-DEP-76,A,2011,PMUN,1251282.0,76
566,2024-DEP-44,A,2011,PMUN,1296526.0,44
567,2024-DEP-26,A,2011,PMUN,487993.0,26
568,2024-DEP-31,A,2011,PCAP,25824.0,31
569,2024-DEP-93,A,2011,PTOT,1542761.0,93
570,2024-DEP-04,A,2011,PMUN,160959.0,04
571,2024-DEP-82,A,2011,PCAP,6497.0,82
572,2024-DEP-63,A,2011,PTOT,652680.0,63
573,2024-DEP-65,A,2011,PCAP,8212.0,65
574,2024-DEP-30,A,2011,PMUN,718357.0,30
575,2024-DEP-21,A,2011,PTOT,540098.0,21
576,2024-DEP-55,A,2011,PMUN,193557.0,55
577,2024-DEP-91,A,2011,PTOT,1244311.0,91
578,2024-DEP-08,A,2011,PCAP,8362.0,08
579,2024-DEP-29,A,2011,PMUN,899870.0,29
580,2024-DEP-12,A,2011,PMUN,275813.0,12
581,2024-DEP-56,A,2011,PCAP,23151.0,56
582,2024-DEP-59,A,2011,PMUN,2579208.0,59
583,2024-DEP-972,A,2011,PCAP,6573.0,72
584,2024-DEP-58,A,2011,PCAP,7611.0,58
585,2024-DEP-63,A,2011,PCAP,17211.0,63
586,2024-DEP-51,A,2011,PTOT,580683.0,51
587,2024-DEP-974,A,2011,PMUN,828581.0,74
588,2024-DEP-93,A,2011,PMUN,1529928.0,93
589,2024-DEP-35,A,2011,PTOT,1024246.0,35
590,2024-DEP-70,A,2011,PMUN,239695.0,70
591,2024-DEP-2A,A,2011,PTOT,148209.0,2A
592,2024-DEP-69,A,2011,PMUN,1744236.0,69
593,2024-DEP-33,A,2011,PMUN,1463662.0,33
594,2024-DEP-95,A,2011,PCAP,16899.0,95
595,2024-DEP-88,A,2011,PTOT,392240.0,88
596,2024-DEP-89,A,2011,PCAP,10726.0,89
597,2024-DEP-42,A,2011,PCAP,17577.0,42
598,2024-DEP-13,A,2011,PCAP,29169.0,13
599,2024-DEP-32,A,2011,PCAP,7250.0,32
600,2024-DEP-38,A,2016,PCAP,26602.0,38
601,2024-DEP-57,A,2016,PMUN,1045271.0,57
602,2024-DEP-45,A,2016,PCAP,17612.0,45
603,2024-DEP-55,A,2016,PMUN,189055.0,55
604,2024-DEP-71,A,2016,PCAP,17504.0,71
605,2024-DEP-70,A,2016,PTOT,244305.0,70
606,2024-DEP-2B,A,2016,PTOT,179037.0,2B
607,2024-DEP-53,A,2016,PTOT,317742.0,53
608,2024-DEP-62,A,2016,PCAP,23605.0,62
609,2024-DEP-22,A,2016,PCAP,19525.0,22
610,2024-DEP-87,A,2016,PTOT,383215.0,87
611,2024-DEP-64,A,2016,PMUN,673986.0,64
612,2024-DEP-86,A,2016,PCAP,10957.0,86
613,2024-DEP-63,A,2016,PMUN,650700.0,63
614,2024-DEP-38,A,2016,PMUN,1252912.0,38
615,2024-DEP-46,A,2016,PTOT,179390.0,46
616,2024-DEP-28,A,2016,PCAP,11352.0,28
617,2024-DEP-56,A,2016,PTOT,769772.0,56
618,2024-DEP-24,A,2016,PTOT,426667.0,24
619,2024-DEP-77,A,2016,PMUN,1397665.0,77
620,2024-DEP-27,A,2016,PCAP,17221.0,27
621,2024-DEP-77,A,2016,PTOT,1419206.0,77
622,2024-DEP-36,A,2016,PTOT,229772.0,36
623,2024-DEP-26,A,2016,PTOT,522276.0,26
624,2024-DEP-14,A,2016,PCAP,16036.0,14
625,2024-DEP-90,A,2016,PMUN,144089.0,90
626,2024-DEP-26,A,2016,PMUN,508006.0,26
627,2024-DEP-29,A,2016,PCAP,28183.0,29
628,2024-DEP-34,A,2016,PTOT,1152125.0,34
629,2024-DEP-75,A,2016,PTOT,2210875.0,75
630,2024-DEP-61,A,2016,PCAP,9113.0,61
631,2024-DEP-02,A,2016,PTOT,549587.0,02
632,2024-DEP-74,A,2016,PCAP,22512.0,74
633,2024-DEP-79,A,2016,PCAP,10752.0,79
634,2024-DEP-43,A,2016,PMUN,227339.0,43
635,2024-DEP-01,A,2016,PCAP,16746.0,01
636,2024-DEP-73,A,2016,PMUN,429681.0,73
637,2024-DEP-46,A,2016,PMUN,173347.0,46
638,2024-DEP-27,A,2016,PMUN,602825.0,27
639,2024-DEP-10,A,2016,PCAP,7729.0,10
640,2024-DEP-972,A,2016,PCAP,5814.0,72
641,2024-DEP-51,A,2016,PCAP,13225.0,51
642,2024-DEP-47,A,2016,PMUN,332833.0,47
643,2024-DEP-68,A,2016,PMUN,762743.0,68
644,2024-DEP-44,A,2016,PMUN,1380852.0,44
645,2024-DEP-07,A,2016,PTOT,334591.0,07
646,2024-DEP-08,A,2016,PCAP,7633.0,08
647,2024-DEP-46,A,2016,PCAP,6043.0,46
648,2024-DEP-09,A,2016,PTOT,158205.0,09
649,2024-DEP-92,A,2016,PTOT,1622143.0,92
650,2024-DEP-13,A,2016,PCAP,27716.0,13
651,2024-DEP-40,A,2016,PCAP,13190.0,40
652,2024-DEP-90,A,2016,PCAP,3258.0,90
653,2024-DEP-37,A,2016,PMUN,606223.0,37
654,2024-DEP-68,A,2016,PCAP,14991.0,68
655,2024-DEP-12,A,2016,PCAP,10784.0,12
656,2024-DEP-33,A,2016,PMUN,1566679.0,33
657,2024-DEP-52,A,2016,PTOT,183720.0,52
658,2024-DEP-34,A,2016,PMUN,1132481.0,34
659,2024-DEP-69,A,2016,PTOT,1864962.0,69
660,2024-DEP-80,A,2016,PMUN,572744.0,80
661,2024-DEP-23,A,2016,PMUN,119502.0,23
662,2024-DEP-41,A,2016,PCAP,10257.0,41
663,2024-DEP-89,A,2016,PTOT,350970.0,89
664,2024-DEP-35,A,2016,PTOT,1079333.0,35
665,2024-DEP-93,A,2016,PTOT,1616311.0,93
666,2024-DEP-08,A,2016,PMUN,275371.0,08
667,2024-DEP-40,A,2016,PMUN,405010.0,40
668,2024-DEP-85,A,2016,PCAP,18899.0,85
669,2024-DEP-41,A,2016,PMUN,332769.0,41
670,2024-DEP-974,A,2016,PMUN,852924.0,74
671,2024-DEP-78,A,2016,PCAP,26467.0,78
672,2024-DEP-31,A,2016,PMUN,1348183.0,31
673,2024-DEP-19,A,2016,PCAP,8172.0,19
674,2024-DEP-21,A,2016,PCAP,13253.0,21
675,2024-DEP-63,A,2016,PTOT,667365.0,63
676,2024-DEP-42,A,2016,PMUN,761997.0,42
677,2024-DEP-32,A,2016,PCAP,7187.0,32
678,2024-DEP-10,A,2016,PMUN,308910.0,10
679,2024-DEP-67,A,2016,PMUN,1121407.0,67
680,2024-DEP-88,A,2016,PCAP,12687.0,88
681,2024-DEP-35,A,2016,PCAP,27554.0,35
682,2024-DEP-86,A,2016,PMUN,436069.0,86
683,2024-DEP-07,A,2016,PMUN,325157.0,07
684,2024-DEP-11,A,2016,PMUN,368025.0,11
685,2024-DEP-19,A,2016,PTOT,249707.0,19
686,2024-DEP-95,A,2016,PTOT,1237218.0,95
687,2024-DEP-62,A,2016,PTOT,1494330.0,62
688,2024-DEP-30,A,2016,PTOT,757564.0,30
689,2024-DEP-14,A,2016,PMUN,693679.0,14
690,2024-DEP-55,A,2016,PTOT,195047.0,55
691,2024-DEP-17,A,2016,PCAP,18267.0,17
692,2024-DEP-17,A,2016,PMUN,642191.0,17
693,2024-DEP-04,A,2016,PMUN,162565.0,04
694,2024-DEP-50,A,2016,PTOT,516010.0,50
695,2024-DEP-10,A,2016,PTOT,316639.0,10
696,2024-DEP-23,A,2016,PCAP,3998.0,23
697,2024-DEP-22,A,2016,PTOT,618478.0,22
698,2024-DEP-24,A,2016,PCAP,11878.0,24
699,2024-DEP-85,A,2016,PTOT,689496.0,85
700,2024-DEP-23,A,2016,PTOT,123500.0,23
701,2024-DEP-04,A,2016,PTOT,167331.0,04
702,2024-DEP-56,A,2016,PCAP,22224.0,56
703,2024-DEP-50,A,2016,PCAP,17648.0,50
704,2024-DEP-27,A,2016,PTOT,620046.0,27
705,2024-DEP-09,A,2016,PMUN,153067.0,09
706,2024-DEP-81,A,2016,PCAP,11481.0,81
707,2024-DEP-971,A,2016,PMUN,394110.0,71
708,2024-DEP-64,A,2016,PCAP,20293.0,64
709,2024-DEP-2A,A,2016,PCAP,2655.0,2A
710,2024-DEP-50,A,2016,PMUN,498362.0,50
711,2024-DEP-15,A,2016,PMUN,145969.0,15
712,2024-DEP-03,A,2016,PTOT,349336.0,03
713,2024-DEP-13,A,2016,PMUN,2019717.0,13
714,2024-DEP-66,A,2016,PMUN,474369.0,66
715,2024-DEP-59,A,2016,PCAP,35347.0,59
716,2024-DEP-2B,A,2016,PCAP,2885.0,2B
717,2024-DEP-56,A,2016,PMUN,747548.0,56
718,2024-DEP-36,A,2016,PCAP,6267.0,36
719,2024-DEP-58,A,2016,PCAP,7021.0,58
720,2024-DEP-25,A,2016,PMUN,538549.0,25
721,2024-DEP-31,A,2016,PCAP,25443.0,31
722,2024-DEP-03,A,2016,PCAP,9952.0,03
723,2024-DEP-48,A,2016,PCAP,3719.0,48
724,2024-DEP-36,A,2016,PMUN,223505.0,36
725,2024-DEP-30,A,2016,PCAP,15558.0,30
726,2024-DEP-2B,A,2016,PMUN,176152.0,2B
727,2024-DEP-971,A,2016,PTOT,400170.0,71
728,2024-DEP-11,A,2016,PCAP,9555.0,11
729,2024-DEP-06,A,2016,PCAP,14835.0,06
730,2024-DEP-15,A,2016,PTOT,151615.0,15
731,2024-DEP-34,A,2016,PCAP,19644.0,34
732,2024-DEP-76,A,2016,PMUN,1255755.0,76
733,2024-DEP-79,A,2016,PMUN,374743.0,79
734,2024-DEP-53,A,2016,PMUN,307688.0,53
735,2024-DEP-18,A,2016,PCAP,7990.0,18
736,2024-DEP-44,A,2016,PTOT,1415805.0,44
737,2024-DEP-60,A,2016,PCAP,19262.0,60
738,2024-DEP-974,A,2016,PTOT,862814.0,74
739,2024-DEP-88,A,2016,PTOT,382328.0,88
740,2024-DEP-16,A,2016,PCAP,12409.0,16
741,2024-DEP-05,A,2016,PMUN,141107.0,05
742,2024-DEP-45,A,2016,PTOT,691942.0,45
743,2024-DEP-67,A,2016,PTOT,1139258.0,67
744,2024-DEP-37,A,2016,PTOT,620671.0,37
745,2024-DEP-45,A,2016,PMUN,674330.0,45
746,2024-DEP-25,A,2016,PCAP,14070.0,25
747,2024-DEP-47,A,2016,PTOT,342358.0,47
748,2024-DEP-18,A,2016,PMUN,307110.0,18
749,2024-DEP-95,A,2016,PMUN,1221923.0,95
750,2024-DEP-72,A,2016,PTOT,582211.0,72
751,2024-DEP-78,A,2016,PMUN,1431808.0,78
752,2024-DEP-01,A,2016,PTOT,655171.0,01
753,2024-DEP-31,A,2016,PTOT,1373626.0,31
754,2024-DEP-35,A,2016,PMUN,1051779.0,35
755,2024-DEP-77,A,2016,PCAP,21541.0,77
756,2024-DEP-07,A,2016,PCAP,9434.0,07
757,2024-DEP-29,A,2016,PTOT,936432.0,29
758,2024-DEP-43,A,2016,PCAP,7274.0,43
759,2024-DEP-22,A,2016,PMUN,598953.0,22
760,2024-DEP-39,A,2016,PMUN,260517.0,39
761,2024-DEP-84,A,2016,PTOT,570921.0,84
762,2024-DEP-66,A,2016,PTOT,482567.0,66
763,2024-DEP-25,A,2016,PTOT,552619.0,25
764,2024-DEP-68,A,2016,PTOT,777734.0,68
765,2024-DEP-05,A,2016,PTOT,146148.0,05
766,2024-DEP-26,A,2016,PCAP,14270.0,26
767,2024-DEP-60,A,2016,PTOT,842804.0,60
768,2024-DEP-80,A,2016,PCAP,12053.0,80
769,2024-DEP-95,A,2016,PCAP,15295.0,95
770,2024-DEP-79,A,2016,PTOT,385495.0,79
771,2024-DEP-32,A,2016,PMUN,190664.0,32
772,2024-DEP-73,A,2016,PTOT,442775.0,73
773,2024-DEP-72,A,2016,PCAP,14650.0,72
774,2024-DEP-83,A,2016,PCAP,17380.0,83
775,2024-DEP-57,A,2016,PCAP,19634.0,57
776,2024-DEP-06,A,2016,PTOT,1098539.0,06
777,2024-DEP-12,A,2016,PMUN,278697.0,12
778,2024-DEP-972,A,2016,PMUN,376480.0,72
779,2024-DEP-54,A,2016,PCAP,13793.0,54
780,2024-DEP-49,A,2016,PTOT,833602.0,49
781,2024-DEP-60,A,2016,PMUN,823542.0,60
782,2024-DEP-59,A,2016,PTOT,2639070.0,59
783,2024-DEP-18,A,2016,PTOT,315100.0,18
784,2024-DEP-72,A,2016,PMUN,567561.0,72
785,2024-DEP-974,A,2016,PCAP,9890.0,74
786,2024-DEP-02,A,2016,PMUN,536136.0,02
787,2024-DEP-13,A,2016,PTOT,2047433.0,13
788,2024-DEP-89,A,2016,PCAP,10426.0,89
789,2024-DEP-39,A,2016,PCAP,9625.0,39
790,2024-DEP-01,A,2016,PMUN,638425.0,01
791,2024-DEP-71,A,2016,PMUN,555023.0,71
792,2024-DEP-972,A,2016,PTOT,382294.0,72
793,2024-DEP-81,A,2016,PMUN,386448.0,81
794,2024-DEP-54,A,2016,PTOT,747614.0,54
795,2024-DEP-41,A,2016,PTOT,343026.0,41
796,2024-DEP-33,A,2016,PCAP,29224.0,33
797,2024-DEP-83,A,2016,PMUN,1055821.0,83
798,2024-DEP-03,A,2016,PMUN,339384.0,03
799,2024-DEP-75,A,2016,PMUN,2190327.0,75
800,2024-DEP-61,A,2016,PMUN,285308.0,61
801,2024-DEP-69,A,2016,PCAP,29059.0,69
802,2024-DEP-92,A,2016,PMUN,1603268.0,92
803,2024-DEP-49,A,2016,PMUN,810934.0,49
804,2024-DEP-89,A,2016,PMUN,340544.0,89
805,2024-DEP-69,A,2016,PMUN,1835903.0,69
806,2024-DEP-84,A,2016,PMUN,559014.0,84
807,2024-DEP-28,A,2016,PTOT,445281.0,28
808,2024-DEP-58,A,2016,PTOT,216182.0,58
809,2024-DEP-76,A,2016,PTOT,1280803.0,76
810,2024-DEP-48,A,2016,PMUN,76422.0,48
811,2024-DEP-973,A,2016,PCAP,2477.0,73
812,2024-DEP-11,A,2016,PTOT,377580.0,11
813,2024-DEP-87,A,2016,PCAP,8237.0,87
814,2024-DEP-973,A,2016,PMUN,269352.0,73
815,2024-DEP-17,A,2016,PTOT,660458.0,17
816,2024-DEP-06,A,2016,PMUN,1083704.0,06
817,2024-DEP-21,A,2016,PMUN,533213.0,21
818,2024-DEP-55,A,2016,PCAP,5992.0,55
819,2024-DEP-52,A,2016,PMUN,178084.0,52
820,2024-DEP-47,A,2016,PCAP,9525.0,47
821,2024-DEP-71,A,2016,PTOT,572527.0,71
822,2024-DEP-33,A,2016,PTOT,1595903.0,33
823,2024-DEP-42,A,2016,PCAP,16214.0,42
824,2024-DEP-52,A,2016,PCAP,5636.0,52
825,2024-DEP-2A,A,2016,PTOT,156958.0,2A
826,2024-DEP-05,A,2016,PCAP,5041.0,05
827,2024-DEP-54,A,2016,PMUN,733821.0,54
828,2024-DEP-39,A,2016,PTOT,270142.0,39
829,2024-DEP-2A,A,2016,PMUN,154303.0,2A
830,2024-DEP-29,A,2016,PMUN,908249.0,29
831,2024-DEP-16,A,2016,PMUN,353288.0,16
832,2024-DEP-61,A,2016,PTOT,294421.0,61
833,2024-DEP-73,A,2016,PCAP,13094.0,73
834,2024-DEP-88,A,2016,PMUN,369641.0,88
835,2024-DEP-973,A,2016,PTOT,271829.0,73
836,2024-DEP-93,A,2016,PCAP,9651.0,93
837,2024-DEP-81,A,2016,PTOT,397929.0,81
838,2024-DEP-04,A,2016,PCAP,4766.0,04
839,2024-DEP-91,A,2016,PTOT,1305061.0,91
840,2024-DEP-37,A,2016,PCAP,14448.0,37
841,2024-DEP-83,A,2016,PTOT,1073201.0,83
842,2024-DEP-93,A,2016,PMUN,1606660.0,93
843,2024-DEP-51,A,2016,PTOT,584108.0,51
844,2024-DEP-75,A,2016,PCAP,20548.0,75
845,2024-DEP-51,A,2016,PMUN,570883.0,51
846,2024-DEP-82,A,2016,PMUN,256897.0,82
847,2024-DEP-82,A,2016,PCAP,6228.0,82
848,2024-DEP-53,A,2016,PCAP,10054.0,53
849,2024-DEP-70,A,2016,PCAP,7063.0,70
850,2024-DEP-78,A,2016,PTOT,1458275.0,78
851,2024-DEP-16,A,2016,PTOT,365697.0,16
852,2024-DEP-76,A,2016,PCAP,25048.0,76
853,2024-DEP-91,A,2016,PCAP,17731.0,91
854,2024-DEP-40,A,2016,PTOT,418200.0,40
855,2024-DEP-12,A,2016,PTOT,289481.0,12
856,2024-DEP-30,A,2016,PMUN,742006.0,30
857,2024-DEP-44,A,2016,PCAP,34953.0,44
858,2024-DEP-66,A,2016,PCAP,8198.0,66
859,2024-DEP-62,A,2016,PMUN,1470725.0,62
860,2024-DEP-87,A,2016,PMUN,374978.0,87
861,2024-DEP-94,A,2016,PTOT,1389336.0,94
862,2024-DEP-49,A,2016,PCAP,22668.0,49
863,2024-DEP-85,A,2016,PMUN,670597.0,85
864,2024-DEP-57,A,2016,PTOT,1064905.0,57
865,2024-DEP-94,A,2016,PMUN,1378151.0,94
866,2024-DEP-80,A,2016,PTOT,584797.0,80
867,2024-DEP-971,A,2016,PCAP,6060.0,71
868,2024-DEP-42,A,2016,PTOT,778211.0,42
869,2024-DEP-14,A,2016,PTOT,709715.0,14
870,2024-DEP-92,A,2016,PCAP,18875.0,92
871,2024-DEP-64,A,2016,PTOT,694279.0,64
872,2024-DEP-91,A,2016,PMUN,1287330.0,91
873,2024-DEP-15,A,2016,PCAP,5646.0,15
874,2024-DEP-48,A,2016,PTOT,80141.0,48
875,2024-DEP-86,A,2016,PTOT,447026.0,86
876,2024-DEP-43,A,2016,PTOT,234613.0,43
877,2024-DEP-74,A,2016,PMUN,801416.0,74
878,2024-DEP-84,A,2016,PCAP,11907.0,84
879,2024-DEP-67,A,2016,PCAP,17851.0,67
880,2024-DEP-65,A,2016,PTOT,235131.0,65
881,2024-DEP-65,A,2016,PMUN,227829.0,65
882,2024-DEP-28,A,2016,PMUN,433929.0,28
883,2024-DEP-19,A,2016,PMUN,241535.0,19
884,2024-DEP-82,A,2016,PTOT,263125.0,82
885,2024-DEP-65,A,2016,PCAP,7302.0,65
886,2024-DEP-21,A,2016,PTOT,546466.0,21
887,2024-DEP-38,A,2016,PTOT,1279514.0,38
888,2024-DEP-94,A,2016,PCAP,11185.0,94
889,2024-DEP-74,A,2016,PTOT,823928.0,74
890,2024-DEP-63,A,2016,PCAP,16665.0,63
891,2024-DEP-58,A,2016,PMUN,209161.0,58
892,2024-DEP-08,A,2016,PTOT,283004.0,08
893,2024-DEP-24,A,2016,PMUN,414789.0,24
894,2024-DEP-70,A,2016,PMUN,237242.0,70
895,2024-DEP-59,A,2016,PMUN,2603723.0,59
896,2024-DEP-32,A,2016,PTOT,197851.0,32
897,2024-DEP-09,A,2016,PCAP,5138.0,09
898,2024-DEP-02,A,2016,PCAP,13451.0,02
899,2024-DEP-90,A,2016,PTOT,147347.0,90
